image_width: 256
image_height: 192
camera_name: narrow_stereo
camera_matrix:
  rows: 3
  cols: 3
  data: [266.42942,   0.     , 132.05457,
           0.     , 268.01222, 126.6718 ,
           0.     ,   0.     ,   1.     ]
distortion_model: plumb_bob
distortion_coefficients:
  rows: 1
  cols: 5
  data: [-0.131030, -0.261548, 0.012444, -0.002218, 0.000000]
rectification_matrix:
  rows: 3
  cols: 3
  data: [1., 0., 0.,
         0., 1., 0.,
         0., 0., 1.]
projection_matrix:
  rows: 3
  cols: 4
  data: [252.06006,   0.     , 131.68686,   0.     ,
           0.     , 253.98283, 129.11857,   0.     ,
           0.     ,   0.     ,   1.     ,   0.     ]
