# oST version 5.0 parameters


[image]

width
256

height
192

[narrow_stereo]

camera matrix
266.429424 0.000000 132.054566
0.000000 268.012224 126.671802
0.000000 0.000000 1.000000

distortion
-0.131030 -0.261548 0.012444 -0.002218 0.000000

rectification
1.000000 0.000000 0.000000
0.000000 1.000000 0.000000
0.000000 0.000000 1.000000

projection
252.060059 0.000000 131.686862 0.000000
0.000000 253.982834 129.118566 0.000000
0.000000 0.000000 1.000000 0.000000
